[Documentation]
information1 = This file stores the OID assignments for resources defined in this IG.
information2 = It must be added to git and committed when resources are added or their id is changed
information3 = You should not generally need to edit this file, but if you do:
information4 = (a) you can change the id of a resource (left side) if you change it's actual id in your source, to maintain OID consistency
information5 = (b) you can change the oid of the resource to an OID you assign manually. If you really know what you're doing with OIDs
information6 = There is never a reason to edit anything else

[Key]
CodeSystem = 1
ValueSet = 5
StructureDefinition = 16
OperationDefinition = 2
CapabilityStatement = 2
ImplementationGuide = 1
Library = 14

[CodeSystem]
example = 2.16.840.1.113883.4.642.40.37.16.1

[ValueSet]
publishable-example = 2.16.840.1.113883.4.642.40.37.48.1
shareable-example = 2.16.840.1.113883.4.642.40.37.48.2
anc-b5-de49 = 2.16.840.1.113883.4.642.40.37.48.3
anc-b5-de50 = 2.16.840.1.113883.4.642.40.37.48.4
anc-b5-de51 = 2.16.840.1.113883.4.642.40.37.48.5

[StructureDefinition]
cql-dangersigns-profile-example = 2.16.840.1.113883.4.642.40.37.42.1
cql-specifichealthconcerns-profile-example = 2.16.840.1.113883.4.642.40.37.42.2
cqf-cqlAccessModifier = 2.16.840.1.113883.4.642.40.37.42.3
cqf-cqlType = 2.16.840.1.113883.4.642.40.37.42.4
cqf-isEmptyList = 2.16.840.1.113883.4.642.40.37.42.5
cql-capabilitystatement = 2.16.840.1.113883.4.642.40.37.42.6
cql-evaluationresult = 2.16.840.1.113883.4.642.40.37.42.7
cql-implementationguide = 2.16.840.1.113883.4.642.40.37.42.8
cql-library = 2.16.840.1.113883.4.642.40.37.42.9
cql-modelinfo = 2.16.840.1.113883.4.642.40.37.42.10
cql-modelinfosettings = 2.16.840.1.113883.4.642.40.37.42.11
cql-module = 2.16.840.1.113883.4.642.40.37.42.12
cql-options = 2.16.840.1.113883.4.642.40.37.42.13
cql-structuredefinition = 2.16.840.1.113883.4.642.40.37.42.14
elm-json-library = 2.16.840.1.113883.4.642.40.37.42.15
elm-xml-library = 2.16.840.1.113883.4.642.40.37.42.16

[OperationDefinition]
cql-cql = 2.16.840.1.113883.4.642.40.37.33.1
cql-library-evaluate = 2.16.840.1.113883.4.642.40.37.33.2

[CapabilityStatement]
cql-evaluation-service-example = 2.16.840.1.113883.4.642.40.37.13.1
cql-evaluation-service = 2.16.840.1.113883.4.642.40.37.13.2

[ImplementationGuide]
example = 2.16.840.1.113883.4.642.40.37.27.1

[Library]
ANCCohort = 2.16.840.1.113883.4.642.40.37.28.1
CQLExample = 2.16.840.1.113883.4.642.40.37.28.2
ELMExample = 2.16.840.1.113883.4.642.40.37.28.3
Example = 2.16.840.1.113883.4.642.40.37.28.4
ParameterExample = 2.16.840.1.113883.4.642.40.37.28.5
TypeMappingExample = 2.16.840.1.113883.4.642.40.37.28.6
USCore-ModelInfo = 2.16.840.1.113883.4.642.40.37.28.7
module-example = 2.16.840.1.113883.4.642.40.37.28.8
FHIR-ModelInfo = 2.16.840.1.113883.4.642.40.37.28.9
FHIRCommon = 2.16.840.1.113883.4.642.40.37.28.10
FHIRCommonTests = 2.16.840.1.113883.4.642.40.37.28.11
FHIRHelpers = 2.16.840.1.113883.4.642.40.37.28.12
FHIRHelpersTests = 2.16.840.1.113883.4.642.40.37.28.13
USCoreExample-ModelInfo = 2.16.840.1.113883.4.642.40.37.28.14

